c Modeller - Matrix Export
c Date: 2026-03-30 10:37:39
c Project:        Regional databas Samm 2045                                  
t matrices
a matrix=mf439 'DMQ_Result_Trips_Lbu_EM'                  0.0 'Dynameq result traversal trips matrix, Lbu, EM'                                
           700611    700612    700613    700614    700715    700716    700817    700818    700819    700820    701022    738101    738102    738103    738104    738105    738107    738108    738109    738110    738111    738112    738129    738151    738152    738153    897031
 700611         0  .1402705  .3969406  .2738531  .0265680  .0584688  .0124609  .0172770  .0489905  .0311890  .3531924         0         0         0         0         0         0         0         0         0         0         0         0         0         0         0         0
 700612  .1402705         0  .1415823  .0648382  .0108859  .0307422  .0100000  .0236086  .0203226  .0217201  .1200712         0         0         0         0         0         0         0         0         0         0         0         0         0         0         0         0
 700613  .3969406  .1415823         0  .3702993  .0269642  .1892005  .0264690  .1480586  .1177572  .1345187  .5949830         0         0         0         0         0         0         0         0         0         0         0         0         0         0         0         0
 700614  .2738531  .0648382  .3702993         0  .2097481  .1099245         0  .0208244  .0324867  .0327490  .3686334         0         0         0         0         0         0         0         0         0         0         0         0         0         0         0         0
 700715  .0265680  .0108859  .0269642  .2097481         0  .3513721         0  .0100000  .0192838  .0240234  .1001229         0         0         0         0         0         0         0         0         0         0         0         0         0         0         0         0
 700716  .0584688  .0307422  .1892005  .1099245  .3513721         0  .0213648  .0742026  .0928017  .3530807  .7890440         0         0         0         0         0         0         0         0         0         0         0         0         0         0         0         0
 700817  .0124609  .0100000  .0264690         0  .0100000  .0213648         0  .1776620  .0231635  .0199348  .0837741         0         0         0         0         0         0         0         0         0         0         0         0         0         0         0         0
 700818  .0172770  .0236086  .1480586  .0208244         0  .0742026  .1776620         0  .3921165  .0269199  .1606686         0         0         0         0         0         0         0         0         0         0         0         0         0         0         0         0
 700819  .0489905  .0203226  .1177572  .0324867  .0192838  .0928017  .0231635  .3921165         0  .2537156  .5192499         0         0         0         0         0         0         0         0         0         0         0         0         0         0         0         0
 700820  .0311890  .0217201  .1345187  .0327490  .0240234  .3530807  .0199348  .0269199  .2537156         0  .8868272         0         0         0         0         0         0         0         0         0         0         0         0         0         0         0         0
 701022  .3531924  .1200712  .5949830  .3686334  .1001229  .7890440  .0837741  .1606686  .5192499  .8868272         0         0         0         0         0         0         0         0         0         0         0         0         0         0         0         0         0
 738101         0         0         0         0         0         0         0         0         0         0         0         0  .0418848  .0100000  .0100000  .0264927  .2097452  .0246414  .0100000  .0100000         0  .0378868  1.569366  .0348676  .0100000  .0777799         0
 738102         0         0         0         0         0         0         0         0         0         0         0  .0418848         0         0  .0100000  .0100000  .0761580         0  .0100000         0         0  .0118822  .4166501  .0113932         0  .0271771         0
 738103         0         0         0         0         0         0         0         0         0         0         0  .0100000         0         0         0  .0100000  .0165692         0         0         0         0         0  .0738823         0         0  .0100000         0
 738104         0         0         0         0         0         0         0         0         0         0         0  .0100000         0         0         0         0  .0147426         0         0  .0100000         0         0  .1110954         0         0         0         0
 738105         0         0         0         0         0         0         0         0         0         0         0  .0264927  .0100000         0         0         0  .0454297  .0100000         0         0         0  .0100000  .3151609  .0100000         0  .0175077         0
 738107         0         0         0         0         0         0         0         0         0         0         0  .2097452  .0761580  .0165692  .0147426  .0454297         0  .0475975  .0154123  .0164958  .0104281  .0725627  7.032109  .0699059  .0188205  .1359495         0
 738108         0         0         0         0         0         0         0         0         0         0         0  .0246414  .0100000         0  .0100000         0  .0475975         0         0  .0100000         0         0  .2624279         0         0  .0177765         0
 738109         0         0         0         0         0         0         0         0         0         0         0  .0100000         0         0         0         0  .0154123         0         0         0         0  .0100000  .0676657         0         0  .0100000         0
 738110         0         0         0         0         0         0         0         0         0         0         0  .0100000         0  .0100000         0         0  .0164958         0         0         0         0         0  .0869928         0         0  .0100000         0
 738111         0         0         0         0         0         0         0         0         0         0         0  .0100000         0         0         0         0  .0104281         0         0         0         0  .0100000  .0472131         0         0         0         0
 738112         0         0         0         0         0         0         0         0         0         0         0  .0378868  .0118822  .0100000         0  .0100000  .0725627         0  .0100000         0         0         0  .3716827  .0166673         0  .0255349         0
 738129         0         0         0         0         0         0         0         0         0         0         0   1.44491  .3837585  .0971733  .0512130  .2696259  6.851879  .2403577  .0582963  .1039825  .0300000  .3949578  .1396754  .4400523  .0957645  .8686231         0
 738151         0         0         0         0         0         0         0         0         0         0         0  .0348676  .0113932         0         0  .0100000  .0699059  .0100000         0         0         0  .0166673  .4732218         0         0  .0205076         0
 738152         0         0         0         0         0         0         0         0         0         0         0  .0100000         0         0         0         0  .0188205         0         0  .0100000         0         0  .1109777  .0100000         0         0         0
 738153         0         0         0         0         0         0         0         0         0         0         0  .0777799  .0271771         0  .0100000  .0175077  .1359495  .0177765  .0100000         0  .0100000  .0255349  .8204699  .0205076  .0100000         0         0
 897031         0         0         0         0         0         0         0         0         0         0         0         0         0         0         0         0         0         0         0         0         0         0         0         0         0         0         0
