c Modeller - Matrix Export
c Date: 2026-03-31 21:10:12
c Project:        Regional databas Samm 2045                                  
t matrices
a matrix=mf433 'DMQ_Result_Trips_Lbs_EM'                  0.0 'Dynameq result traversal trips matrix, Lbs, EM'                                
           700611    700612    700613    700614    700715    700716    700817    700818    700819    700820    701022    738101    738102    738103    738104    738105    738107    738108    738109    738110    738111    738112    738129    738151    738152    738153    897031
 700611         0  .3992593  2.588332   1.88663  .1322625  .8677005  .0538039  .4642456  .7137215  .3625995  .0981158         0         0         0         0         0         0         0         0         0         0         0         0         0         0         0         0
 700612  .3992593         0  .8256310  .1073265  .0170181  .1058712  .0231254  .2167961  .4188600  .0976717  .0228809         0         0         0         0         0         0         0         0         0         0         0         0         0         0         0         0
 700613  2.588332  .8256310         0  1.576352  .2348043  1.707618  .4639993  1.953043  4.538309  1.124429  .1386203         0         0         0         0         0         0         0         0         0         0         0         0         0         0         0         0
 700614  1.863209  .1073265  1.556035         0  .5390379  1.056121  1.138744  5.810188  7.975799  2.521399  .0910795  .1489840  .0292528  .0300000  .0092528         0  .5304193  .0071054         0  .0091190         0  .1180314         0  .3109139  .0116048  .0200946         0
 700715  .1322625  .0170181  .2348043  .5390379         0  1.121198  .1170071  .1599741  .1969860  .1855762  .0256453         0         0         0         0         0         0         0         0         0         0         0         0         0         0         0         0
 700716  .8677005  .1058712  1.727618  1.056121  1.121198         0  23.37626  8.733864  3.399605  6.093932  1.359466  .3005880  .0684799  .0501792  .0200000         0  .2666440         0         0         0         0  .0898142         0  .2929825  .0200000  .0500000         0
 700817  .0538039  .0231254  .4743159  1.381413  .1232694  32.28123         0  1.053351  6.946835  .1817333  .0152948  .0590976  .0207472  .0100000  .0107472         0  .1287919  .0028946         0  .0008810  .0100000  .0880264         0  .1556843  .0183952  .0243409         0
 700818  .4649929  .2167961  1.963043   5.78925  .1700848  7.464616  1.053351         0    3.9195  1.247585  .4349327  .0230281         0  .0014944         0         0  .1239631         0         0         0  .0064339  .0339113         0  .0300247  .0198176  .0142400         0
 700819  .7327456  .4188600  4.528308  8.193767  .1984804  3.452594   7.45658  3.912542         0   4.98752  .4435544  .0877584  .0200000  .0485056         0         0  .1904106         0         0         0         0  .0962640         0  .1189857         0  .0877584         0
 700820  .3625995  .0976717  1.124429  2.728188  .1886419  6.584491  .1751243  1.247585  5.003013         0   2.26897  .0101159  .0100000         0         0         0         0         0         0         0  .0035661  .0098247         0  .0186880  .0001824  .0035661         0
 701022  .0981158  .0228809  .1386203  .0910795  .0256453  1.359466  .0152948  .4349327  .4435544   2.26897         0         0         0         0         0         0         0         0         0         0         0         0         0         0         0         0         0
 738101         0         0         0  .1380643         0  .2915076  .0935418  .0235326  .0953520  .0066615  .0009120         0         0         0         0         0         0         0         0         0         0         0         0         0         0         0         0
 738102         0         0         0  .0592528         0  .0684799  .0207472  .0074164  .0292528  .0033308         0         0         0         0         0         0         0         0         0         0         0         0         0         0         0         0         0
 738103         0         0         0  .0592528         0  .0501792  .0207472  .0074164  .0292528  .0033308         0         0         0         0         0         0         0         0         0         0         0         0         0         0         0         0         0
 738104         0         0         0         0         0  .0100000  .0100000         0  .0092395         0  .0007605         0         0         0         0         0         0         0         0         0         0         0         0         0         0         0         0
 738105         0         0         0         0         0         0         0         0         0         0         0         0         0         0         0         0         0         0         0         0         0         0         0         0         0         0         0
 738107         0         0         0  .5167978         0  .3004757  .2334876  .1801077  .0993600  .0100000         0         0         0         0         0         0         0         0         0         0         0         0         0         0         0         0         0
 738108         0         0         0         0         0         0         0  .0066692         0  .0033308         0         0         0         0         0         0         0         0         0         0         0         0         0         0         0         0         0
 738109         0         0         0         0         0         0         0         0         0         0         0         0         0         0         0         0         0         0         0         0         0         0         0         0         0         0         0
 738110         0         0         0  .0100000         0  .0100000         0         0         0         0         0         0         0         0         0         0         0         0         0         0         0         0         0         0         0         0         0
 738111         0         0         0         0         0  .0100000         0         0         0         0         0         0         0         0         0         0         0         0         0         0         0         0         0         0         0         0         0
 738112         0         0         0  .1148138         0  .0899088  .0754927  .0238204  .0685056  .0033308         0         0         0         0         0         0         0         0         0         0         0         0         0         0         0         0         0
 738129         0         0         0         0         0         0         0         0         0         0         0         0         0         0         0         0         0         0         0         0         0         0         0         0         0         0         0
 738151         0         0         0  .3403258         0  .1924211  .1508635  .0764685  .1467441  .0004560         0         0         0         0         0         0         0         0         0         0         0         0         0         0         0         0         0
 738152         0         0         0  .0088506         0  .0100000  .0111494  .0007472  .0292528         0         0         0         0         0         0         0         0         0         0         0         0         0         0         0         0         0         0
 738153         0         0         0  .0488506         0  .0400000  .0311495  .0074164  .0492528  .0033308         0         0         0         0         0         0         0         0         0         0         0         0         0         0         0         0         0
 897031         0         0         0         0         0         0         0         0         0         0         0         0         0         0         0         0         0         0         0         0         0         0         0         0         0         0         0
