c Modeller - Matrix Export
c Date: 2026-03-30 10:37:38
c Project:        Regional databas Samm 2045                                  
t matrices
a matrix=mf433 'DMQ_Result_Trips_Ovr_EM'                  0.0 'Dynameq result traversal trips matrix, Ovr, EM'                                
           700611    700612    700613    700614    700715    700716    700817    700818    700819    700820    701022    738101    738102    738103    738104    738105    738107    738108    738109    738110    738111    738112    738129    738151    738152    738153    897031
 700611         0  1.149165  2.980708  2.714081  3.224192  8.075317   1.86036  1.216111  2.354959  5.462506  3.093458         0         0         0         0         0         0         0         0         0         0         0         0         0         0         0  3.248985
 700612  1.149165         0  2.836267  .7725114  .3341019   1.97674  .3405641  .0282988  .6225708  1.338299  .6455671         0         0         0         0         0         0         0         0         0         0         0         0         0         0         0  .8861555
 700613  2.980708  2.836267         0  2.205099  1.180358  1.797686  1.114448  .6919721  1.489016  6.216419  3.248943         0         0         0         0         0         0         0         0         0         0         0         0         0         0         0  1.847503
 700614  2.717843  .8105922  2.237604         0  .4547098  1.748054  .5340560  .7864791   1.14386  4.208384   2.68224         0         0         0         0         0         0         0         0         0         0         0         0         0         0         0  1.209276
 700715  3.586545  .3425029  1.321023  .9853926         0  .2412677  .2288522  .3936617  .6697993  2.777289  1.735294         0         0         0         0         0         0         0         0         0         0         0         0         0         0         0  .5777987
 700716  8.007024  1.737864  2.353805  2.996194  .2044227         0  1.851983  1.673812  3.259427  6.113972  3.965755         0         0         0         0         0         0         0         0         0         0         0         0         0         0         0  1.991376
 700817  1.647948  .2677428  .9209540  .4326766  .1856279  1.689307         0         0  .0756636  3.636352  .8271609         0         0         0         0         0         0         0         0         0         0         0         0         0         0         0  1.076154
 700818  1.235146  .0655968  1.603997  .7195067  .3540739  1.724436         0         0         0  1.998068  1.033008         0         0         0         0         0         0         0         0         0         0         0         0         0         0         0  .7890144
 700819  2.092411  .4946756  1.201838  .9197313  .5316594  2.826739  .0755313         0         0  .0776954  2.920901         0         0         0         0         0         0         0         0         0         0         0         0         0         0         0  .9907421
 700820  4.504647  .9883023  4.685082  3.101257  2.005224   4.61357  3.219977  1.543431  .0901961         0  6.038299         0         0         0         0         0         0         0         0         0         0         0         0         0         0         0  1.976002
 701022  2.594831  .4822809  2.568057  2.027278  1.269071  2.598841  .7567458  .8334675  2.799801  3.428438         0         0         0         0         0         0         0         0         0         0         0         0         0         0         0         0  .9177920
 738101         0         0         0         0         0         0         0         0         0         0         0         0  11.45736  8.251684  7.659335  9.865454  3.765286  3.884112  1.991375  4.806893  4.388597   4.81045  19.22334  8.259844  11.40705  4.815366         0
 738102         0         0         0         0         0         0         0         0         0         0         0  10.85267         0   5.60269  3.527844   4.97373  1.121207  1.681759  1.742531  2.149635   2.15476  3.360903  9.104995  2.797109  5.363051  3.352848         0
 738103         0         0         0         0         0         0         0         0         0         0         0  7.935061  5.200294         0  3.670309  5.456145  .6131652   2.29346  1.376431  1.938029  2.252979  4.489014   11.1931  4.143415  4.979483  3.441967         0
 738104         0         0         0         0         0         0         0         0         0         0         0   7.45683  3.526903   3.23486         0  2.779222  .5750908  1.810521  .8321976  2.445862   1.69588  2.799724  6.314461  2.434774   4.50826   1.97694         0
 738105         0         0         0         0         0         0         0         0         0         0         0    9.3276   4.81275  5.773083  2.865412         0  3.332138  3.141452  1.232293  3.762148  2.902127  4.853649  14.31462  5.059293  7.935479  5.456668         0
 738107         0         0         0         0         0         0         0         0         0         0         0  3.567278  1.253108  .5112848  .7209032  3.477322         0  .9294756  .4305336  .5338784  .7442290  1.956334  9.464588  3.181514  4.370606  1.593163         0
 738108         0         0         0         0         0         0         0         0         0         0         0  3.608282  1.701424  2.185303  1.580924  3.146891  .9038486         0  1.023825  2.606109  1.393377  3.557864  7.576049  2.513538  4.453868  3.571881         0
 738109         0         0         0         0         0         0         0         0         0         0         0   1.75592  1.630191  1.573602  .8543728   1.41482  .3269796    1.1324         0  1.525382  1.372666   1.10876  3.391356  .5706976  1.686466  1.366599         0
 738110         0         0         0         0         0         0         0         0         0         0         0  4.376673  1.965225    2.0397  2.773783  3.315925  .7879518  2.786439  1.579774         0  2.480694  2.253189  8.273381  2.495338  4.208581  1.802049         0
 738111         0         0         0         0         0         0         0         0         0         0         0   3.58642  2.133108  2.153191  2.077147  2.754013  .7155686   1.21608  1.161165  2.873048         0  2.758616  6.753781  2.343772   2.49858  2.969803         0
 738112         0         0         0         0         0         0         0         0         0         0         0  4.768714  3.526275  4.245505  3.160384  5.083769  1.882591  3.477009  1.237732  2.408624  2.760185         0  22.86344   6.87609  9.278335  4.979692         0
 738129         0         0         0         0         0         0         0         0         0         0         0  18.02835  8.872123  10.24123  5.941166  12.15298  9.070875   6.57545  3.578317  7.274308  6.274741  20.65018  1.611163  15.10983   21.4171  16.52414         0
 738151         0         0         0         0         0         0         0         0         0         0         0  7.301289  3.372513  3.893212  2.557052  4.770492  3.006622  2.449523  .6786448  2.703596  2.254025  6.146087  15.22099         0  18.11588  5.507504         0
 738152         0         0         0         0         0         0         0         0         0         0         0   10.3782  5.518173  4.647692  4.361506  7.777847  3.814971  4.407844  1.376954   3.89384  2.914993  8.452726  21.55446  18.32153         0  9.748929         0
 738153         0         0         0         0         0         0         0         0         0         0         0  5.573716  3.654201  4.001055   2.30392  6.417105  1.964283  4.263601  1.611258   2.13133  3.587885  5.593589  18.61716  6.404867  11.05538         0         0
 897031  2.687382  .7065095  1.393763  .8960179  .4493986  1.612105  .9818466  .5796520  .8326118  1.875451  .9443867         0         0         0         0         0         0         0         0         0         0         0         0         0         0         0         0
