c Modeller - Matrix Export
c Date: 2026-04-02 09:36:56
c Project:        Regional databas Samm 2045                                  
t matrices
a matrix=mf432 'DMQ_Result_Trips_Pby_EM'                  0.0 'Dynameq result traversal trips matrix, Pby, EM'                                
           700611    700612    700613    700614    700715    700716    700817    700818    700819    700820    701022    738101    738102    738103    738104    738105    738107    738108    738109    738110    738111    738112    738151    738152    738153
 700611         0         0  .1062248  .2348090  .2454419  .7559563         0  .1607806  1.137686  .1278161  .0687532  3.042649  2.028966  .4683372  .3341391  .7241732  1.253499  .3134157  .0757520  .3264300  .1310208  .9452807  .4224349  1.289364  .3197832
 700612         0         0  .1003929  .1325270  .1802877  .7359501         0  .0262155  .9472431  .0874747         0  2.450031  1.609599  .3252794  .2672296  .5866162  1.012522  .2254536  .0526186  .2647664  .1021203  .7840968  .3677546  .8823414  .2361825
 700613  .1062248  .1003929         0  .1065192  .0950379  .7255087  .4796624  .7943017  .4426799  .0719407  .0260853  1.094588  .7354782  .1683778  .1201687  .2609926  .6129233  .1133307  .0265626  .1180648  .0482090  .3042685         0  .3701939  .1498242
 700614  .2335565  .1609660  .0863368         0  .0009780         0   8.31616  6.579948  3.188649  2.955439         0  3.218901   2.33809  .4776691  .4366884  .7244027  1.401114  .3152530  .0717225  .3942909  .1603011  .9834393  .4276169  1.376285  .2790405
 700715  .2546947  .1710349  .0950379  .0009780         0         0  .7166630  .6946360  .4739116  .4225806         0  2.557717  1.544955  .4155577  .2972834  .6350709  1.214014  .2420078  .0750553  .2975108  .1468331  .5202225  .3799740  .8552036  .2618319
 700716  .7567034  .7822141  .7055086         0         0         0    37.929  26.78913  .8293354   12.8829         0  4.266906  3.109731  .9098735  .7428008  1.674222  2.112065  1.212841  .5466183  .9864109  .9576891   2.37939  1.751256  2.551292  1.092546
 700817         0         0  .5073994  11.26706  .6533369  39.46758         0         0  14.41747  .1481764         0  14.01642  8.816718  2.153998  1.439986  3.021267  6.096838  1.442049  .3668785  1.334745  .6350563   4.59535  1.577281  6.056575  1.472702
 700818  .1496097  .0264233  .7582415  6.842667  .6544836  25.75686         0         0  1.074848         0         0  7.706249  4.998928  1.176899  .9192794  2.731486  5.743864  .9894901  .2802474  .9368402  .5031866  2.885288   2.15255  5.028257  .9926546
 700819  1.126352  .9396241  .4511855  2.934533  .4739116  .7902164  14.25212  1.106363         0  1.439382         0  12.89305  8.422622    1.8619  1.409557  3.040718  6.277912   1.37236         0  .1019262         0   4.68242  1.866938  5.730083  1.391905
 700820  .1489349  .0774747  .0919407  3.188694  .4054694  13.03064  .1611652         0  1.769666         0         0   5.15448  3.293538  .7450724  .6058610  .8220632  .6950333  .6822074  .1789327  .6259301  .3486218  1.968211  .3142579  .8251081  .7892188
 701022  .0687532         0  .0260853         0         0         0         0         0         0         0         0  .7735519  .5050524  .1084998  .0823018  .1822288         0         0  .3007741  1.362052  .6093307         0         0         0         0
 738101  3.042649  2.450031  1.094588  3.352334  2.557717  4.350059  13.84104  7.829712  12.81606  5.149412  .8909506         0  20.86469  4.815616  3.437638  7.466531  13.94474  3.243801  .7559387  3.378308  1.378488  10.56402  4.402096  13.24564  3.352568
 738102  2.028966  1.609599  .7354782  2.299483  1.520663  3.093276  8.765203  5.094308  8.423038  3.298607  .5050524  20.86469         0  3.208388  2.289165   4.97407  9.023361  2.160932  .5023188   2.25068  .9181045  7.175623   2.92459  9.025415  2.163579
 738103  .4683372  .3255179  .1683778  .5224426  .4155577  .9089404  2.100118   1.16698  1.882647  .7540451  .1084998  4.815616  3.208388         0  .5288828  1.148893  2.144491  .4992180  .1167281  .5194346  .2124269   1.56026  .6771637  2.037247  .5154041
 738104  .3341391  .2672296  .1201687  .3747052  .2972834  .7328008  1.447036  .9159127  1.284391  .6041616  .1874672  3.437638  2.289165  .5288828         0  .8197377  1.530942  .3555685  .0823903  .3705022  .1511675  1.159283  .4832819   1.45444  .3679067
 738105  .7241732  .5866162  .2609926  .7404372  .6350709  1.629013  3.110673  2.856117   3.04128  .6866386  .1822288  7.466531   4.97407  1.148893  .8197377         0  3.324797  .7734123  .1805270  .8053120  .3291548  2.518121  1.049633   3.15842  .7991433
 738107  1.253499  1.012522  .6129233  1.438255  1.214014   2.11173  6.060697   5.85405  6.251219  .6808757         0  13.94474  9.023361  2.144491  1.530942  3.324797         0   1.44443  .3365217  1.504413  .6133317  5.317995  1.835334  2.651473  .0919059
 738108  .3134157  .2254536  .1133307  .3233268  .2457576  1.292841  1.330806  1.049651  1.394881  .6859630  .0029825  3.243801  2.160932  .4992180  .3555685  .7734123   1.44443         0  .0779203  .3496764  .1426339  1.094525  .4557821  1.371877  .3473549
 738109  .0657520  .0527910  .0265626  .0809753  .0750553  .5366184  .2708187  .2704989         0  .1753159  .3107741  .7559387  .5023188  .1167281  .0823903  .1805270  .3365217  .0779203         0  .0812727  .0330171  .2545911  .1068265  .3198226  .0807963
 738110  .3264300  .2647664  .1180648  .3546307  .2975108  .9564109   1.42281  .9466994  .1011790  .6176655  1.352799  3.378308   2.25068  .5194346  .3705022  .8053120  1.504413  .3496764  .0812727         0  .1489324  1.139779  .4748203  1.428947  .3617160
 738111  .1310208  .1113731  .0482090  .1312974  .1375803  .9669420  .5342064  .5011090         0  .3413000  .5393306  1.378488  .9181045  .2124269  .1511675  .3291548  .6133317  .1426339  .0330171  .1489324         0  .4647694  .1938822  .5825177  .1474979
 738112  1.018368  .7110092  .3042685  .9832613  .5202225  2.338163  4.539404  2.916097  4.672563  1.964611         0  10.56402  7.175623   1.56026  1.159283  2.518121  5.317995  1.094525  .2545911  1.139779  .4647694         0  1.550608  2.518933         0
 738151  .4224349  .3677546         0  .4465783  .3892269  1.742003  1.644566  2.185464  1.897685  .3143492         0  4.402096   2.92459  .6771637  .4832819  1.049633  1.835334  .4557821  .1068265  .4748203  .1938822  1.550608         0   1.95524  .4388337
 738152  1.289364  .8823414  .3701939  1.418571  .8552036  2.547026  5.908628  5.057381  5.784336  .8116567         0  13.24564  9.025415  2.037247   1.45444   3.15842  2.651473  1.371877  .3198226  1.428947  .5825177  2.518933   1.95524         0  2.395196
 738153  .3197832  .2361825  .1498242  .2953861  .2618319  .9672763  1.422952  .9928809  1.381996  .7875748         0  3.352568  2.163579  .5154041  .3679067  .7991433  .0919059  .3473549  .0807963  .3617160  .1474979         0  .4388337  2.395196         0
