c Modeller - Matrix Export
c Date: 2026-03-30 10:37:37
c Project:        Regional databas Samm 2045                                  
t matrices
a matrix=mf432 'DMQ_Result_Trips_Tjn_EM'                  0.0 'Dynameq result traversal trips matrix, Tjn, EM'                                
           700611    700612    700613    700614    700715    700716    700817    700818    700819    700820    701022    738101    738102    738103    738104    738105    738107    738108    738109    738110    738111    738112    738129    738151    738152    738153    897031
 700611         0         0         0  .0635795  2.922686  8.262083  1.600608  .8580863  2.091206  4.409236  2.560394         0         0         0         0         0         0         0         0         0         0         0         0         0         0         0  1.932056
 700612         0         0         0  .5444289  .2249699  1.287691  .2046967         0  .4036367  .8024639  .3823829         0         0         0         0         0         0         0         0         0         0         0         0         0         0         0  .4084511
 700613         0         0         0  .2973781  .8292558  .9815286  .6798488         0  .9825785  4.246696  2.260276         0         0         0         0         0         0         0         0         0         0         0         0         0         0         0  .8637309
 700614  .0800268  .5797796  .3053257         0  .0433968  .5680375  .4151807  .6433827  .9437216  3.436264  2.177548         0         0         0         0         0         0         0         0         0         0         0         0         0         0         0  .6279037
 700715  3.816641  .2511379  .9211153  .0509899         0  .1931867  .1567254  .2946730  .5133121   2.08366  1.317361         0         0         0         0         0         0         0         0         0         0         0         0         0         0         0  .2233207
 700716  8.586982  1.143178  .9776024  .4773753  .1269416         0  1.369953  1.309017  2.738987   4.23532  1.834628         0         0         0         0         0         0         0         0         0         0         0         0         0         0         0  .7738116
 700817  1.210693  .1670925  .4813421  .2622080  .0909238  1.062595         0         0  .0294047  2.346402  .5373965         0         0         0         0         0         0         0         0         0         0         0         0         0         0         0  .4889987
 700818  .9612194         0         0  .5281703  .2217774  1.251883         0         0         0  1.277196  .6574018         0         0         0         0         0         0         0         0         0         0         0         0         0         0         0  .3611997
 700819   1.55428  .2654242  .6146523  .5964463  .2969428  1.925803  .0324766         0         0  .0426376  2.027124         0         0         0         0         0         0         0         0         0         0         0         0         0         0         0  .4291846
 700820  2.992879  .4777820  2.543576  1.996722   1.09533  2.423098  2.015031  .8635375  .0519294         0  .5703283         0         0         0         0         0         0         0         0         0         0         0         0         0         0         0  .6883796
 701022  1.904472  .2456345  1.526391  1.410189  .7730312   1.53713  .5080283  .4929304  2.048048  .7175091         0         0         0         0         0         0         0         0         0         0         0         0         0         0         0         0  .2716531
 738101         0         0         0         0         0         0         0         0         0         0         0         0  1.319489  .8103454  .3047895  .1818820   1.83781  .5585170  .4642000  .3960470  .4110280  .2602685   5.46034  1.119355  .8076024  .7657190         0
 738102         0         0         0         0         0         0         0         0         0         0         0  1.383421         0         0  .3960470  .5393159  .5016525  .1980235  .0100000  .1486495         0  .1486495   2.28907  .4217890  .1980235  .1561400         0
 738103         0         0         0         0         0         0         0         0         0         0         0  .2710295         0         0         0         0  .4684200  .1486495  .0365030  .5135739         0  .0365030  .3811885         0         0         0         0
 738104         0         0         0         0         0         0         0         0         0         0         0  .1636305  .0365030         0         0         0  .1669010         0         0         0         0         0  .2606602  .3466730         0         0         0
 738105         0         0         0         0         0         0         0         0         0         0         0  .5028130  .5779290         0  .1486495         0  .2972990  .0365030  .0100000         0  .1980235  .1669010  1.518677  .2162750  .2162750  .0257420         0
 738107         0         0         0         0         0         0         0         0         0         0         0   1.83781  .9637425  .4684200  .2055140  .0149810         0  .5252845         0  .3466730  .3466730  .8719575  12.03234  1.096883  .9407434  1.077999         0
 738108         0         0         0         0         0         0         0         0         0         0         0  1.123153  .0182515  .0100000         0  .3960470  .6278305         0  .0182515         0  .1980235  .1980235  1.659438  .3960470  .3466730  .0332325         0
 738109         0         0         0         0         0         0         0         0         0         0         0  .2204950  .1486495  .3960470         0  .1486495  .1486495  .1980235         0         0         0         0  .4498356  .0100000  .1980235  .0149810         0
 738110         0         0         0         0         0         0         0         0         0         0         0  .0365030  .0100000  .2312560         0         0  .0257420         0         0         0  .1980235  .1486495  .9306862         0  .1980235         0         0
 738111         0         0         0         0         0         0         0         0         0         0         0  .3338020         0         0         0  .0182515  .0257420  .0182515         0  .0182515         0         0  .4951427         0         0  .0182515         0
 738112         0         0         0         0         0         0         0         0         0         0         0  .7609715         0  .3960470         0  .2055140  .6535725  .0182515         0  .0100000         0         0  2.703766  .1980235  .1980235  .3230410         0
 738129         0         0         0         0         0         0         0         0         0         0         0  5.183549  2.325934   1.34186  .5201783  2.199624  6.773489  2.026556  .9763210  1.262335  .9326582  2.401908  .5916507  2.262933  4.021556  1.482091         0
 738151         0         0         0         0         0         0         0         0         0         0         0  .6825850  .3831760         0  .0257420  .2162750  .2366365  .0365030  .1486495         0         0  .0182515  1.425686         0  .4142985  .0407230         0
 738152         0         0         0         0         0         0         0         0         0         0         0  .3455125  .0182515         0         0  .2162750  .0804965  .0257420  .0182515  .0182515         0  .0182515  1.529489  .2345265         0  .0100000         0
 738153         0         0         0         0         0         0         0         0         0         0         0  .4834010  .1561400         0         0  .3466730  .7956810  .4953225  .2972990         0  .1980235  .3616540  2.753043  .6439720  .1486495         0         0
 897031  1.247982  .2000183  .5763345  .2847807  .1837270  .5020260  .3457108  .2063046  .4043130  .7137653  .1736286         0         0         0         0         0         0         0         0         0         0         0         0         0         0         0         0
