c Modeller - Matrix Export
c Date: 2026-04-01 09:05:00
c Project:        Regional databas Samm 2045                                  
t matrices
a matrix=mf443 'DMQ_Result_Trips_Arb_EM'                  0.0 'Dynameq result traversal trips matrix, Arb, EM'                                
           700611    700612    700613    700614    700715    700716    700817    700818    700819    700820    701022    738101    738102    738103    738104    738105    738107    738108    738109    738110    738111    738112    738129    738151    738152    738153    897031
 700611         0         0  1.631389  2.123898  .4803821  10.40769         0  .2690157  2.440573  .9602487  .4347585  .7705213  .2691084  .4803821  .0100000  1.874209  .5277014  .2691084  .4698667  1.177296  .9397333  .2428199         0  2.834458  1.647162  .0420616         0
 700612         0         0         0         0         0         0         0         0         0         0         0         0         0         0         0         0         0         0         0         0         0         0         0         0         0         0         0
 700613  .2691084         0         0  3.409536  .7324550  11.18519  8.694071  3.664061  1.388874  1.634547  .2198117   1.97314   1.52527  .2428199  .2428199  1.023857  1.471727  .5750207  .0210308  1.435889  1.187811  .9975680         0  1.224615  1.435889  .1051540         0
 700614  1.202038         0   5.86823         0         0         0  40.57866  28.67636   12.1071  17.26028         0  5.559378  6.240334  4.111589  2.641535  5.296607  1.149903  3.104498  1.746647  2.026485  3.625157  3.023301         0   5.16707  4.584703  .4422008         0
 700715  .7074289         0  1.392243         0         0         0  9.982433  2.579305  .6119591    2.2638         0  1.102722  3.120335  .7126867  .4646090  .9805325  .8388714  .5224437  .0157731  .7126867  1.846336  .2796238         0  1.212921  .7074289  .0736078         0
 700716   6.18225         0  30.62462         0         0         0  443.9766  117.2151  6.869441   65.0054         0  22.27389  23.73712  22.47593  13.49716  14.13186  3.992728  10.43107  6.771845  14.14292  14.60634  13.47673         0  22.34198  21.67943  .7444289         0
 700817         0         0  34.42386  55.75096  17.17372  350.6887         0         0  75.10433  5.478662         0  16.62145  17.44632  12.83461  7.031874  19.50338  9.694814  13.05492  7.264286  11.85969  11.94853  15.00737         0  28.32895  29.86268  1.369413         0
 700818  .5581716         0  18.17241  33.87925  6.219195  85.19855         0         0  3.197071         0         0  6.163942  5.841313  5.488616  5.122526  6.544363  5.420712  4.834782  2.759916  3.864621  3.523132  4.127535         0  10.81313  15.78751  .4201336         0
 700819  2.534778         0  7.327183  20.07317  .3032398  3.571503  84.33985  2.667299         0   1.25096         0  3.572706  2.770133  3.746707  1.287209  5.025484  1.464258   3.27237         0  .1163821         0  3.016246         0  7.472277  8.676969  .4823422         0
 700820    1.4196         0  1.211291  17.69777  4.209465  40.30537  2.412627         0  .9851676         0         0  3.645809  2.930619  2.700927  1.927945  .9431017  .5404603  1.906772  1.332884  1.632598  2.118382  2.208164         0   1.95553  2.646604  .5454714         0
 701022  .2246765         0  .2198117         0         0         0         0         0         0         0         0  .2490007  .0194594         0  .2149468  .2198117         0         0  2.092026  1.592103  2.685017         0         0         0         0         0         0
 738101  3.268036         0   15.3689   27.1902  7.902027   54.7192  46.10522  20.22409  16.78701  19.36515  1.663092         0  11.73615  6.045175  5.126472  8.167461  1.387604  4.007011   2.33356  5.136988  6.515041  4.455847         0  11.45127  11.17165  .0683501         0
 738102  1.631389         0  5.839159  19.23837  10.24262  21.01476  22.65631  8.671208  8.169713  7.678656  .8597870  5.605889         0  2.560607  4.883652  4.688152  2.084517   2.38088  .7232020  1.868951  3.046247  1.905755         0  5.823386  4.661863  .0473193         0
 738103  .7074289         0  .4698667  1.705578  .7126867  3.805559  3.998593  .6147449  1.955008  .7556344         0  .3690047  .2901392         0  .0157731  .9502487  .1945349  .5066706  .4908975  .0157731  .2428199  .2743661         0  .2796238  .9502487  .0893809         0
 738104  .2323045         0  .4698667  .3025496  .0100000  2.646304  2.852872  1.923756  .4754749  .6666918  .0483870  .8125830  .3427162  .6969135         0  .2480776  .1577310  .2743661  .0262885  .7232020  .4751244  .0157731         0  .4751244  .5066706  .0368039         0
 738105  .7337174         0  4.202512  2.712952  2.094413  12.05341  11.86647  4.131085  5.292218  2.972215  .2198117  1.810151   1.96359  .9502487  .7021713         0  .5793127  .7600060    1.4096  .2480776  1.636647  1.900497         0  4.012269  5.142245  .0841232         0
 738107   2.79817         0  13.73225  26.00992  6.287995  72.74378  123.2541  63.10933  26.37179  13.65915         0  10.01538  10.03116  8.595266  6.969135  15.33735         0  8.611039  3.484567  7.201439  8.362962  6.984908         0  22.77636  25.08889  .4751244         0
 738108  1.631389         0   4.88891  11.30249  2.565865  19.45543  28.02998  8.562462  8.744387  7.349622  .0332861  2.644731  2.607927  1.868951  1.863694  2.803427  .8914484         0  1.404343  2.349334  3.949176  2.597411         0  4.191996  6.752604  .0262885         0
 738109  .2428199         0  .9292179  3.739831  .6969135  5.546611  5.955076  3.753599         0  1.730655  2.408071  .5171860  1.177296  1.172038  1.161523  .7284597  .0788655  .4961552         0  .6969135  .7021713  .4803821         0  .9344757  .9344757  .0262885         0
 738110  .9555066         0  1.889982  3.047388  .7126867   5.73275  5.514791  2.069897  .1429902  1.430641   2.01226  1.277192  .5066706  .6969135  1.177296  .7021713  .1629887    1.2141  .0157731         0  1.182553  .4856398         0  .9449911  1.404343  .0683501         0
 738111  .4856398         0  1.187811   1.73242  .2691084  3.146416  2.939912  1.387567         0   1.41029  1.469884  .6118246  1.229873  .4698667  .4751244  .5014129  .1892772  .0893809  .2480776  .9555064         0  .5119283         0  .2638507  .4698667  .0736078         0
 738112  .9046251         0  3.040989  5.501854  2.095998  17.21593  21.21544   8.78511  7.069348  8.812625         0  1.958332  2.132802  1.863694  .6969135  1.900497  .8546445  1.916271  .7074289  .9397333  2.101256         0         0  4.915198  4.429559  .0998963         0
 738129         0         0         0         0         0         0         0         0         0         0         0         0         0         0         0         0         0         0         0         0         0         0         0         0         0         0         0
 738151  1.921528         0  2.813943  6.864544  2.512208  15.07911  17.84818  7.916431  6.761459  2.387678         0  3.277586  .8283560  2.095998  .4751244  2.877035  .9798636  .5592476  .2533353  .7179443  1.399085  1.736543         0         0   5.86019  .3059123         0
 738152  .9607641         0  1.889982  4.027194  .6953289  5.002221   8.64725  6.118751   4.42486  1.233554         0  1.181588  .8020675  .9502487  1.868951  1.509496  .5678316  .8493869  .2533353  .4961552  .2428199  .7968099         0  2.454488         0  .1735041         0
 738153  1.858436         0   4.64609  8.191201  3.252263  21.87303  31.63162  12.25992  10.77818  9.469179         0  3.019958   2.09074  3.949176  1.626132  3.716872  .4751244  1.161523  1.161523  3.019958  3.252263  4.413785         0  3.257521  7.666049         0         0
 897031         0         0         0         0         0         0         0         0         0         0         0         0         0         0         0         0         0         0         0         0         0         0         0         0         0         0         0
